10100100000100000010000000001111
10100110000001001000000000010001
10100110001001001000000000010001
00000000000000000000000000000000	
00000000000000000000000000000000	
00000000000000000000000000000000	
00000000000000000000000000000000	
00000000000000000000000000000000	
00000000000000000000000000000000	
00000000000000000000000000000000	
00000000000000000000000000000000	
00000000000000000000000000000000	
00000000000000000000000000000000	
00000000000000000000000000000000	
00000000000000000000000000000000	
00000000000000000000000000000000	
00000000000000000000000000000000	
00000000000000000000000000000000	
00000000000000000000000000000000	
00000000000000000000000000000000	
00000000000000000000000000000000	
00000000000000000000000000000000	
00000000000000000000000000000000	
00000000000000000000000000000000	
00000000000000000000000000000000	
00000000000000000000000000000000	
00000000000000000000000000000000	
00000000000000000000000000000000	
00000000000000000000000000000000	
00000000000000000000000000000000	
00000000000000000000000000000000	
00000000000000000000000000000000	
00000000000000000000000000000000	
00000000000000000000000000000000	
00000000000000000000000000000000	
00000000000000000000000000000000	
00000000000000000000000000000000	
00000000000000000000000000000000	
00000000000000000000000000000000	
00000000000000000000000000000000	
00000000000000000000000000000000	
00000000000000000000000000000000	
00000000000000000000000000000000	
00000000000000000000000000000000	
00000000000000000000000000000000	
00000000000000000000000000000000	
00000000000000000000000000000000	
00000000000000000000000000000000	
00000000000000000000000000000000	
00000000000000000000000000000000	
00000000000000000000000000000000	
00000000000000000000000000000000	
00000000000000000000000000000000	
00000000000000000000000000000000	
00000000000000000000000000000000
00000000000000000000000000000000	
00000000000000000000000000000000	
00000000000000000000000000000000	
00000000000000000000000000000000	
00000000000000000000000000000000	
00000000000000000000000000000000	
00000000000000000000000000000000	
00000000000000000000000000000000	
00000000000000000000000000000000	
