00010000100000000000000001000111
00000000000000000000000000000000
10010000000100000010000000000000
10101100000100000010000000000000
10000000101001011100000000011001
00010110100000000000000000001000
00000000000000000000000000000000
10010010000000100000000000011000
10010000000100000000000000001001
10101110000001011010000000000001
10101100000100000000000000010111
00010000101111111111111111111001
00000000000000000000000000000000
10000001110000111110000000000010
00000000000000000000000000000000
10010000000100000010000000000001
10101010000100000010000000000000
10011100000100000000000000001111
10000000101001010100000000011010
00010110100000000000000000001001
00000000000000000000000000000000
10110000000100000000000000001000
01111111111111111111111111101100
00000000000000000000000000000000
10101110000001010110000000000001
10101010000100000000000000010111
00010000101111111111111111111000
00000000000000000000000000000000
10000001110000111010000000000010
00000000000000000000000000000000
10010100000100000010000000001010
10101000000100000010000000001010
10011010000100000000000000001111
11010100001001010010000000000000
10101110000001010010000000000001
10101000000100000000000000010111
10000000101001010000000000011011
00010100100000000000000000001100
10110000000100000000000000001010
10100010000100000000000000010100
00111111111111111111111111011010
00000000000000000000000000000000
11010000001001010010000000000000
10010110001000101010000000000001
10010100000100000000000000001011
10101110000001010010000000000001
10101000000100000000000000010111
00111111111111111111111111110101
00000000000000000000000000000000
10101000000100000010000000000000
10101110000100000010000000000000
11010100000001010010000000000000
10110110101000000000000000010100
00000000000000000000000000010000
00000000000000000000000000000000
10110000000100000000000000011100
10110010000100000000000000010100
01111111111111111111111111010110
00000000000000000000000000000000
10110010000100000000000000001000
11110000000001010010000000000000
01111111111111111111111111000101
00000000000000000000000000000000
10101110000000101000000000001000
10010100000100000000000000010111
10101110000001010010000000000001
10101000000100000000000000010111
00111111111111111111111111110001
00000000000000000000000000000000
10000001110000110110000000000010
00000000000000000000000000000000
10100000000100000010000000000011
10100010000100000010000000000101
10110000000100000000000000010000
10110010000100000000000000010001
01111111111111111111111110110110
00000000000000000000000000000000
10110010000100000000000000010000
10110100000100000000000000010001
01111111111111111111111111000000
00000000000000000000000000000000
10110110000100000000000000010000
10111000000100000000000000010001
01111111111111111111111111100001
00000000000000000000000000000000